1 83 6 0 0 0 816411927 0 0 0 1 0 -12 -12 84 13 1
1 99 6 0 0 0 2203250382 0 0 0 1 0 -14 -14 100 16 1
1 236 6 0 0 0 762735797 0 0 0 1 0 -34 -34 237 37 1
2 57 6 0 0 0 3783032364 0 0 0 1 0 -8 -8 58 9 1
2 209 6 0 0 0 2681986233 0 0 0 1 0 -27 -27 210 29 4
3 23 6 0 0 0 3318486898 0 0 0 1 0 -3 -3 24 4 0
3 153 5 0 0 0 4146820756 0 0 0 1 0 -23 -23 154 25 0
3 212 5 0 0 0 2081210609 0 0 0 1 0 -32 -32 213 35 0
5 38 6 0 0 0 438927013 0 0 0 1 0 -6 -6 39 7 0
6 215 5 0 0 0 1463024815 0 0 0 1 0 -28 -28 216 29 1
7 7 6 0 0 0 2164023760 0 0 0 1 0 -1 -1 8 2 0
8 14 6 0 0 0 1631911188 0 0 0 1 0 -2 -2 15 3 0
8 36 6 0 0 0 1572235987 0 0 0 1 0 -6 -6 37 8 0
9 21 5 0 0 0 2962841292 0 0 0 1 0 -4 -4 22 5 0
10 26 6 0 0 0 3388482392 0 0 0 1 0 -4 -4 27 5 0
10 104 5 0 0 0 3563804759 0 0 0 1 0 -15 -15 105 17 0
10 186 6 0 0 0 2645426136 0 0 0 1 0 -28 -28 187 31 1
11 157 6 0 0 0 3320627210 0 0 0 1 0 -20 -20 158 21 1
12 67 6 0 0 0 324596531 0 0 0 1 0 -8 -8 68 9 0
14 49 5 0 0 0 3982067126 0 0 0 1 0 -8 -8 50 9 0
15 37 6 0 0 0 3723083149 0 0 0 1 0 -6 -6 38 7 0
15 105 6 0 0 0 2554338414 0 0 0 1 0 -16 -16 106 18 2
16 230 6 0 0 0 4209944794 0 0 0 1 0 -35 -35 231 36 3
